f
100
100
13
17
7
1
5
16
29
2
3
35
8
19
31
38
3
13
38
27
25
38
33
16
18
26
27
18
23
40
27
20
32
13
18
16
11
14
26
8
30
37
4
31
8
10
31
37
19
17
33
37
25
17
4
28
22
21
11
34
2
14
35
15
27
36
22
3
33
21
16
29
36
24
28
5
36
6
4
26
32
36
37
36
31
32
36
26
16
12
40
10
33
20
31
8
32
7
24
34
11
1
29
1
5
24
28
32
38
38
3
12
29
2
32
26
38
18
34
29
28
39
39
12
12
28
21
4
12
34
23
5
11
28
15
16
20
27
30
11
38
8
11
25
28
22
1
40
23
21
21
12
30
21
22
10
14
7
6
35
17
37
10
23
33
28
15
7
31
37
38
16
23
31
39
31
5
29
20
2
10
38
12
27
1
17
7
29
36
26
23
20
6
5
28
31
21
10
13
15
28
3